"9mm	Weight_dn9.1	Weight_dn9.2	Weight_dn9.3	Weight_un9.1	Weight_un9.2	Weight_un9.3	Weight_dp9.1	Weight_dp9.2	Weight_dp9.3	Weight_up9.1	Weight_up9.2	Weight_up9.3			dn평균	dn분산	dn표편	un평균	un분산	un표편	dp평균	dp분산	dp표편	up평균	up분산	up표편"
"10kpa	2.55	2.42	2.43	1.16	1.14	1.11	3.05	3.03	3.08	1.39	1.3	1.28	9mm	10kpa	2.47	0.005233333	0.072341781	1.14	0.000633333	0.025166115	3.05	0.000633333	0.025166115	1.32	0.003433333	0.058594653"
"20kpa	4.91	4.69	4.62	1.97	2.2	2.09	6.21	6.02	6.14	2.61	2.51	3.47		20kpa	4.74	0.0229	0.15132746	2.09	0.013233333	0.115036226	6.12	0.009233333	0.096090235	2.86	0.278533333	0.527762573"
"30kpa	6.79	6.54	6.48	2.78	2.79	2.83	9.66	9.33	9.36	3.85	3.75	3.73		30kpa	6.6	0.027033333	0.164418166	2.8	0.0007	0.026457513	9.45	0.0333	0.182482876	3.78	0.004133333	0.064291005"
"40kpa	7.4	6.75	6.66	3.95	3.8	3.83	13.13	12.67	12.62	5.09	5.04	5.02		40kpa	6.94	0.163033333	0.403773864	3.86	0.0063	0.079372539	12.81	0.079033333	0.281128678	5.05	0.0013	0.036055513"
"50kpa	8.2	7.69	7.63	4.62	4.42	4.38	16.59	15.88	15.82	6.34	6.32	6.33		50kpa	7.84	0.0981	0.313209195	4.47	0.016533333	0.12858201	16.1	0.183433333	0.428291178	6.33	1E-04	0.01"
"60kpa							19.83	18.83	18.83	7.58	7.55	7.54		60kpa							19.16	0.333333333	0.577350269	7.56	0.000433333	0.02081666"
"70kpa							22.69	21.61	21.56	8.81	8.8	8.75		70kpa							21.95	0.407633333	0.638461693	8.79	0.001033333	0.032145503"
"																										"
"12mm	Weight_dn12.1	Weight_dn12.2	Weight_dn12.3	Weight_un12.1	Weight_un12.2	Weight_un12.3	Weight_dp12.1	Weight_dp12.2	Weight_dp12.3	Weight_up12.1	Weight_up12.2	Weight_up12.3														"
"10kpa	1.82	1.48	2.04	1.29	1.28	1.2	2.96	2.61	2.55	1.48	1.19	1.29	12mm	10kpa	1.78	0.0796	0.28213472	1.26	0.002433333	0.049328829	2.71	0.049033333	0.221434716	1.32	0.0217	0.147309199"
"20kpa	3.56	3.34	3.91	2.59	2.61	2.55	5.57	5.03	4.93	2.59	2.33	2.38		20kpa	3.6	0.082633333	0.287460142	2.58	0.000933333	0.030550505	5.18	0.118533333	0.344286702	2.43	0.019033333	0.137961347"
"30kpa	5.5	5.49	5.5	4.01	3.97	3.87	8.27	7.57	7.55	3.58	3.46	3.51		30kpa	5.5	3.33333E-05	0.005773503	3.95	0.0052	0.072111026	7.8	0.168133333	0.410040648	3.52	0.003633333	0.060277138"
"40kpa	7.51	7.47	7.52	5.3	5.23	5.01	10.89	10.11	10.02	4.7	4.61	4.72		40kpa	7.5	0.0007	0.026457513	5.18	0.0229	0.15132746	10.34	0.2289	0.478434949	4.68	0.003433333	0.058594653"
"50kpa	9.15	8.86	8.9	6.35	6.37	6.22	13.59	12.75	12.64	5.91	5.82	5.94		50kpa	8.97	0.0247	0.157162336	6.31	0.006633333	0.081445278	12.99	0.270033333	0.519647316	5.89	0.0039	0.06244998"
"60kpa							16.26	15.4	15.12	7.17	7	7.11		60kpa							15.59	0.352933333	0.594081925	7.09	0.007433333	0.086216781"
"70kpa							18.98	18.14	17.9	8.36	8.23	8.36		70kpa							18.34	0.3216	0.567097875	8.32	0.005633333	0.075055535"
"																										"
"15mm	Weight_dn15.1	Weight_dn15.2	Weight_dn15.3	Weight_un15.1	Weight_un15.2	Weight_un15.3	Weight_dp15.1	Weight_dp15.2	Weight_dp15.3	Weight_up15.1	Weight_up15.2	Weight_up15.3														"
"10kpa	1.85	1.96	1.91	1.02	1.07	1.14	2.33	2.3	2.31	1.35	1.02	1.04	15mm	10kpa	1.91	0.003033333	0.055075705	1.08	0.003633333	0.060277138	2.31	0.000233333	0.015275252	1.14	0.034233333	0.185022521"
"20kpa	3.29	3.19	3.11	2.2	2.56	2.65	4.58	4.59	4.58	2.34	2	2		20kpa	3.2	0.008133333	0.090184995	2.47	0.0567	0.238117618	4.58	3.33333E-05	0.005773503	2.11	0.038533333	0.196299092"
"30kpa	3.98	4.4	4.24	3.7	4.18	4.06	6.96	6.62	6.88	3.32	2.97	2.92		30kpa	4.21	0.044933333	0.211974841	3.98	0.0624	0.24979992	6.82	0.0316	0.177763888	3.07	0.0475	0.217944947"
"40kpa	4.9	5.45	5.41	4.34	5.52	5.54	9.42	9.26	9.23	4.31	3.96	3.97		40kpa	5.25	0.094033333	0.30664855	5.13	0.472133333	0.687119592	9.3	0.010433333	0.10214369	4.08	0.0397	0.199248588"
"50kpa	6.06	5.69	5.49	5.59	6.64	6.56	11.83	11.62	11.59	5.31	4.94	4.99		50kpa	5.75	0.083633333	0.289194283	6.26	0.341633333	0.584494083	11.68	0.0171	0.130766968	5.08	0.0403	0.200748599"
"60kpa							14.2	13.91	13.85	6.32	5.95	5.96		60kpa							13.99	0.035033333	0.187171935	6.08	0.044433333	0.210792157"
"70kpa							16.56	16.27	16.18	7.34	6.97	6.97		70kpa							16.34	0.039433333	0.19857828	7.09	0.045633333	0.2136196"
"																										"
"18mm	Weight_dn18.1	Weight_dn18.2	Weight_dn18.3	Weight_un18.1	Weight_un18.2	Weight_un18.3	Weight_dp18.1	Weight_dp18.2	Weight_dp18.3	Weight_up18.1	Weight_up18.2	Weight_up18.3														"
"10kpa	2.08	1.8	1.75	0.88	0.88	0.73	2.3	2.35	2.37	1.16	0.92	0.92	18mm	10kpa	1.88	0.031633333	0.177857621	0.83	0.0075	0.08660254	2.34	0.0013	0.036055513	1	0.0192	0.138564065"
"20kpa	3.44	3.18	3.1	1.77	1.94	2.11	4.69	4.69	4.62	2.02	1.76	1.75		20kpa	3.24	0.0316	0.177763888	1.94	0.0289	0.17	4.67	0.001633333	0.040414519	1.84	0.023433333	0.1530795"
"30kpa	4.59	4.31	4.2	3.31	3.54	3.78	7.09	6.93	6.92	2.86	2.69	2.58		30kpa	4.37	0.040433333	0.201080415	3.54	0.055233333	0.23501773	6.98	0.0091	0.09539392	2.71	0.0199	0.14106736"
"40kpa	5.61	5.32	5.22	4.72	4.85	5.32	9.52	9.28	9.26	3.69	3.43	3.4		40kpa	5.38	0.041033333	0.202566861	4.96	0.099633333	0.315647483	9.35	0.020933333	0.144683563	3.51	0.025433333	0.159478316"
"50kpa	6.58	6.35	6.24	6.22	6.39	6.81	11.88	11.6	11.59	4.5	4.23	4.21		50kpa	6.39	0.0301	0.173493516	6.47	0.092233333	0.303699413	11.69	0.0271	0.164620776	4.31	0.026233333	0.161967075"
"60kpa							14.01	13.94	13.87	5.31	5.05	5.03		60kpa							13.94	0.0049	0.07	5.13	0.0244	0.156204994"
"70kpa							16.37	16.23	16.15	6.13	5.88	5.83		70kpa							16.25	0.0124	0.111355287	5.95	0.025833333	0.160727513"
"																										"
"21mm	dn21.1	dn21.2	dn21.3	un21.1	un21.2	un21.3	dp21.1	dp21.2	dp21.3	up21.1	up21.2	up21.3														"
"10kpa	1.34	1.31	1.25	1.07	1.8	0.77	2.52	2.32	2.28	0.8	0.57	0.51	21mm	10kpa	1.3	0.0021	0.045825757	1.21	0.280633333	0.529748368	2.37	0.016533333	0.12858201	0.63	0.023433333	0.1530795"
"20kpa	2.46	2.49	2.44	3.46	3.86	2.34	4.89	4.59	4.52	1.44	1.14	1.05		20kpa	2.46	0.000633333	0.025166115	3.22	0.6208	0.787908624	4.67	0.038633333	0.19655364	1.21	0.0417	0.204205779"
"30kpa	3.39	3.53	3.45	5.48	5.55	3.22	7.36	6.9	6.79	2.01	1.68	1.55		30kpa	3.46	0.004933333	0.070237692	4.75	1.7569	1.325481045	7.02	0.091433333	0.302379453	1.75	0.056233333	0.237135685"
"40kpa	4.26	4.41	4.33	6.42	7.08	4.09	9.83	9.26	9.13	2.54	2.22	2.05		40kpa	4.33	0.005633333	0.075055535	5.86	2.467433333	1.570806587	9.41	0.138633333	0.372334975	2.27	0.0619	0.248797106"
"50kpa	5.09	5.26	5.18	7.22	8.51	4.43	12.2	11.59	11.45	3.14	2.81	2.63		50kpa	5.18	0.007233333	0.085049005	6.72	4.3491	2.085449592	11.75	0.159033333	0.398789836	2.86	0.0669	0.258650343"
"60kpa							14.59	13.96	13.72	3.78	3.48	3.28		60kpa							14.09	0.2019	0.449332839	3.51	0.063333333	0.251661148"
"70kpa							16.91	16.27	16.01	4.47	4.1	3.94		70kpa							16.4	0.214533333	0.463177432	4.17	0.0739	0.271845544"
"																										"
"24mm	dn24.1	dn24.2	dn24.3	un24.1	un24.2	un24.3	dp24.1	dp24.2	dp24.3	up24.1	up24.2	up24.3														"
"10kpa	1.58	1.52	1.27	0.6	0.78	1.02	2.45	2.33	2.33	0.55	0.59	0.57	24mm	10kpa	1.46	0.027033333	0.164418166	0.8	0.0444	0.210713075	2.37	0.0048	0.069282032	0.57	0.0004	0.02"
"20kpa	2.3	2.16	1.96	2.66	3.03	3.16	4.84	4.63	4.62	0.96	1	0.98		20kpa	2.14	0.0292	0.170880075	2.95	0.0673	0.259422435	4.7	0.015433333	0.124230968	0.98	0.0004	0.02"
"30kpa	2.79	2.73	2.6	4.37	4.96	5.08	7.19	7	6.97	1.29	1.31	1.31		30kpa	2.71	0.009433333	0.097125349	4.8	0.144433333	0.380043857	7.05	0.014233333	0.119303534	1.3	0.000133333	0.011547005"
"40kpa	3.33	3.26	3.19	6.16	6.63	6.7	9.61	9.41	9.37	1.8	1.8	1.76		40kpa	3.26	0.0049	0.07	6.5	0.086233333	0.293655127	9.46	0.016533333	0.12858201	1.79	0.000533333	0.023094011"
"50kpa	3.86	3.86	3.82	7.68	8.08	8.14	12.24	11.85	11.83	2.3	2.31	2.29		50kpa	3.85	0.000533333	0.023094011	7.97	0.062533333	0.250066658	11.97	0.053433333	0.231156513	2.3	0.0001	0.01"
"60kpa							14.71	14.33	14.17	2.72	2.72	2.79		60kpa							14.4	0.076933333	0.277368588	2.74	0.001633333	0.040414519"
"70kpa							17.17	16.73	16.66	3.16	3.19	3.27		70kpa							16.85	0.076433333	0.276465791	3.21	0.003233333	0.056862407"
"																										"
"27mm	dn27.1	dn27.2	dn27.3	un27.1	un27.2	un27.3	dp27.1	dp27.2	dp27.3	up27.1	up27.2	up27.3														"
"10kpa	1.39	1.34	1.18	1.44	1.81	1.98	1.47	1.93	2.02	0.68	0.56	0.54	27mm	10kpa	1.3	0.012033333	0.109696551	1.74	0.076233333	0.276103845	1.81	0.087033333	0.295014124	0.59	0.005733333	0.075718778"
"20kpa	2.16	2.09	1.92	3.55	3.83	3.98	3.41	3.89	3.92	1.07	0.8	0.93		20kpa	2.06	0.015233333	0.123423391	3.79	0.047633333	0.21825062	3.74	0.0819	0.28618176	0.93	0.018233333	0.135030861"
"30kpa	2.78	2.7	2.6	4.95	5.1	5.2	5.46	5.93	5.91	1.36	1.11	1.3		30kpa	2.69	0.008133333	0.090184995	5.08	0.015833333	0.125830574	5.77	0.070633333	0.265769324	1.26	0.017033333	0.130511813"
"40kpa	3.27	3.18	3.06	5.83	5.96	6.1	7.62	8.08	8.05	1.64	1.52	1.74		40kpa	3.17	0.0111	0.105356538	5.96	0.018233333	0.135030861	7.92	0.066233333	0.257358375	1.63	0.012133333	0.110151411"
"50kpa	3.69	3.63	3.54	7.22	7.36	7.48	9.78	10.14	10.1	2.1	1.97	2.19		50kpa	3.62	0.0057	0.075498344	7.35	0.016933333	0.130128142	10.01	0.038933333	0.197315314	2.09	0.012233333	0.1106044"
"60kpa							11.86	12.19	12.15	2.56	2.39	2.62		60kpa							12.07	0.032433333	0.180092569	2.52	0.014233333	0.119303534"
"70kpa							13.89	14.19	14.13	3.01	2.83	3.06		70kpa							14.07	0.0252	0.158745079	2.97	0.014633333	0.120968315"
